make compile
make[1]: Entering directory '/home/albini/Documents/ESL/TiC-SAT-fork/custom_build'
aarch64-none-linux-gnu-g++ -Wall -DBWMA -DREARRANGE -DSA  -DSA_SIZE=4 -DCORE_NUM=1 -fopenmp -DRELOAD_WEIGHT -DN_3D_LAYERS=2 -DSA_W=4 -DSA_H=8 -march=armv8-a+sve -lm -O2 ./../transformer_layers/transformerBlock.cc ./../transformer_layers/addNorm.cc ./../transformer_layers/softmax.cc ./../transformer_layers/transpose.cc ./../transformer_layers/selfattention.cc ./../transformer_layers/dense.cc ./../transformer_layers/debuggerFunctions.cc ./../accelerator/systolic_m2m.cc ./../accelerator/systolic_m2m_3D.cc ./../transformer.cpp ./../accelerator/smm_gem.cpp  -I./../  -I./../transformer_layers  -I./../weights_data  -I./../accelerator/ -o TicSat_3D -static 
make[1]: Leaving directory '/home/albini/Documents/ESL/TiC-SAT-fork/custom_build'
make se_sim
make[1]: Entering directory '/home/albini/Documents/ESL/TiC-SAT-fork/custom_build'
cd launch_gem5/ && ./launch_gem5_se.sh ./out_dir stats config
Global frequency set at 1000000000000 ticks per second
===========================
Starting SMM 3D with params:
SA_H        =   8
SA_W        =   4
3D layers   =   2
===========================
gem5 Simulator System.  https://www.gem5.org
gem5 is copyrighted software; use the --copyright option for details.

gem5 version 25.1.0.1
gem5 compiled Aug 14 2026 13:09:02
gem5 started Aug 14 2026 14:41:53
gem5 executing on eslpc40, pid 70359
command line: /home/albini/Documents/ESL/TiC-SAT-fork/gem5/build/ARM/gem5.fast -d ./out_dir --stats-file=stats.txt --dump-config=config.txt /home/albini/Documents/ESL/TiC-SAT-fork/gem5/configs/example/arm/starter_se.py --cpu=minor --num-cores=1

---
RUNNING BIN = /home/albini/Documents/ESL/TiC-SAT-fork/custom_build/TicSat_3D
---

Welcome to TiC-SAT
BWMA method

 ------- Computing Head : 0
BWMA method

 ------- Computing Head : 1
BWMA method

 ------- Computing Head : 2
BWMA method

 ------- Computing Head : 3
BWMA method

Condense
Add Norm
Feed Forward 0
Feed Forward 1
Add Norm

 OUTPUT
(32 x 16)
==============
[0]	953434151 --> 39, 64, -44, 56, 
[1]	137364748 --> 12, 5, 48, 8, 
[2]	3325868285 --> -3, -72, 60, -58, 
[3]	953878553 --> 25, 8, -37, 56, 
[4]	342470373 --> -27, -82, 105, 20, 
[5]	4013092385 --> 33, -18, 50, -17, 
[6]	4084049246 --> 94, -91, 109, -13, 
[7]	779612278 --> 118, -16, 119, 46, 
[8]	345091774 --> -66, -82, -111, 20, 
[9]	2027135912 --> -88, -93, -45, 120, 
[10]	984227182 --> 110, 29, -86, 58, 
[11]	2915840574 --> 62, 50, -52, -83, 
[12]	97820152 --> -8, -99, -44, 5, 
[13]	240311431 --> -121, -36, 82, 14, 
[14]	174525975 --> 23, 14, 103, 10, 
[15]	3588952834 --> 2, 19, -21, -43, 
[16]	3936722990 --> 46, -96, -91, -22, 
[17]	2630417526 --> 118, -4, -56, -100, 
[18]	3668972660 --> 116, 20, -80, -38, 
[19]	2668425466 --> -6, -16, 12, -97, 
[20]	3392890255 --> -113, 101, 59, -54, 
[21]	916419045 --> -27, 113, -97, 54, 
[22]	2454947826 --> -14, -121, 83, -110, 
[23]	4228982658 --> -126, 39, 17, -4, 
[24]	633869705 --> -119, 21, -56, 37, 
[25]	3223923419 --> -37, 42, 41, -64, 
[26]	707142653 --> -3, 35, 38, 42, 
[27]	3769493766 --> 6, -23, -83, -32, 
[28]	3765078713 --> -71, -118, 106, -32, 
[29]	394363597 --> -51, -126, -127, 23, 
[30]	753839060 --> -44, -85, -18, 44, 
[31]	2923063001 --> -39, 102, 58, -82, 
[32]	1567663017 --> -87, -93, 112, 93, 
[33]	1530955619 --> 99, -121, 64, 91, 
[34]	1886319448 --> 88, -13, 110, 112, 
[35]	338292253 --> 29, -18, 41, 20, 
[36]	4212337943 --> 23, 45, 19, -5, 
[37]	3843559624 --> -56, 16, 24, -27, 
[38]	2732337138 --> -14, 39, -36, -94, 
[39]	726446624 --> 32, -78, 76, 43, 
[40]	4064785318 --> -90, -77, 71, -14, 
[41]	2752811971 --> -61, -109, 20, -92, 
[42]	2981160385 --> -63, -27, -80, -79, 
[43]	3491256420 --> 100, 88, 24, -48, 
[44]	3763726042 --> -38, -26, 85, -32, 
[45]	3606632580 --> -124, -40, -8, -42, 
[46]	2724961458 --> -78, -100, 107, -94, 
[47]	228477104 --> -80, 72, -98, 13, 
[48]	1554462534 --> 70, 55, -89, 92, 
[49]	1749602657 --> 97, -47, 72, 104, 
[50]	1865937195 --> 43, -15, 55, 111, 
[51]	1244359851 --> -85, 108, 43, 74, 
[52]	1893469766 --> 70, 14, -36, 112, 
[53]	882961152 --> 0, -21, -96, 52, 
[54]	2314324956 --> -36, -53, -15, -119, 
[55]	2694723901 --> 61, 57, -98, -96, 
[56]	3354820004 --> -92, 125, -10, -57, 
[57]	165409048 --> 24, -15, -37, 9, 
[58]	4161857550 --> 14, -24, 16, -8, 
[59]	2426124364 --> 76, -72, -101, -112, 
[60]	1560753059 --> -93, 51, 7, 93, 
[61]	4188043943 --> -89, 122, -96, -7, 
[62]	3954706257 --> 81, 7, -72, -21, 
[63]	3076062192 --> -16, -5, 88, -73, 
[64]	1373576722 --> 18, 30, -33, 81, 
[65]	1021940000 --> 32, -111, -23, 60, 
[66]	2495171257 --> -71, 74, -71, -108, 
[67]	3806534660 --> 4, 28, -29, -30, 
[68]	4208445640 --> -56, -56, -41, -6, 
[69]	67578408 --> 40, 42, 7, 4, 
[70]	221853956 --> 4, 57, 57, 13, 
[71]	677365383 --> -121, -58, 95, 40, 
[72]	1211381782 --> 22, 56, 52, 72, 
[73]	2534899636 --> -76, 127, 23, -105, 
[74]	644769089 --> 65, 101, 110, 38, 
[75]	2574821267 --> -109, -89, 120, -103, 
[76]	1140144330 --> -54, 56, -11, 67, 
[77]	3262440211 --> 19, -29, 116, -62, 
[78]	3162759681 --> 1, -30, -125, -68, 
[79]	1993315496 --> -88, -108, -49, 118, 
[80]	856270441 --> 105, -90, 9, 51, 
[81]	4146442410 --> -86, -80, 37, -9, 
[82]	735360217 --> -39, -76, -44, 43, 
[83]	2782918407 --> 7, -9, -33, -91, 
[84]	88711535 --> 111, -95, 73, 5, 
[85]	2186072053 --> -11, -49, 76, -126, 
[86]	2210654479 --> 15, -23, -61, -125, 
[87]	3096853780 --> 20, 61, -106, -72, 
[88]	3792577505 --> -31, 35, 14, -30, 
[89]	4207608122 --> 58, 1, -53, -6, 
[90]	634790354 --> -46, 33, -42, 37, 
[91]	1805111468 --> -84, -48, -105, 107, 
[92]	1824960433 --> -79, -81, -58, 108, 
[93]	2634842158 --> 46, -128, 12, -99, 
[94]	855431620 --> -60, -39, -4, 50, 
[95]	2853992081 --> -111, 118, 28, -86, 
[96]	231913644 --> -84, -72, -46, 13, 
[97]	3491693117 --> 61, 2, 31, -48, 
[98]	3890215006 --> 94, -8, -33, -25, 
[99]	4230679854 --> 46, 13, 43, -4, 
[100]	3544178521 --> 89, -33, 63, -45, 
[101]	887039223 --> -9, 36, -33, 52, 
[102]	1212797722 --> 26, -45, 73, 72, 
[103]	1151532674 --> -126, -2, -94, 68, 
[104]	2604965725 --> 93, -97, 68, -101, 
[105]	2351716952 --> 88, 90, 44, -116, 
[106]	2326338218 --> -86, 26, -87, -118, 
[107]	2481070547 --> -45, 33, -30, -109, 
[108]	3511494466 --> 66, 39, 77, -47, 
[109]	496543340 --> 108, -90, -104, 29, 
[110]	3711735817 --> 9, -104, 60, -35, 
[111]	1251314995 --> 51, -115, -107, 74, 
[112]	1593557281 --> 33, -63, -5, 94, 
[113]	3581375340 --> 108, 115, 119, -43, 
[114]	1419036330 --> -86, -58, -108, 84, 
[115]	2948592176 --> 48, -14, -65, -81, 
[116]	3077909551 --> 47, 44, 117, -73, 
[117]	3035143271 --> 103, -100, -24, -76, 
[118]	515665365 --> -43, 109, -68, 30, 
[119]	253086847 --> 127, -52, 21, 15, 
[120]	1994784092 --> 92, -3, -27, 118, 
[121]	53935630 --> 14, -2, 54, 3, 
[122]	4259061965 --> -51, 32, -36, -3, 
[123]	1412330133 --> -107, 114, 46, 84, 
[124]	2434499388 --> 60, -125, 27, -111, 
[125]	173809312 --> -96, 30, 92, 10, 
[126]	4189413010 --> -110, 94, -75, -7, 
[127]	3549926478 --> 78, -108, -105, -45, 
[128]	2871125279 --> 31, -27, 33, -85, 
[129]	2795985018 --> 122, 88, -89, -90, 
[130]	471239819 --> -117, -116, 22, 28, 
[131]	3876983999 --> -65, 20, 22, -25, 
[132]	1986527928 --> -72, 2, 104, 118, 
[133]	4111908100 --> 4, -67, 22, -11, 
[134]	3108251174 --> 38, 38, 68, -71, 
[135]	1878483507 --> 51, 98, -9, 111, 
[136]	3569423166 --> 62, 19, -63, -44, 
[137]	1076851563 --> 107, 115, 47, 64, 
[138]	2454316908 --> 108, -25, 73, -110, 
[139]	3522684831 --> -97, -25, -9, -47, 
[140]	3036018651 --> -37, -9, -11, -76, 
[141]	3335755424 --> -96, -106, -45, -58, 
[142]	4207068338 --> -78, -60, -62, -6, 
[143]	2183334601 --> -55, 10, 35, -126, 
[144]	308118443 --> -85, -125, 93, 18, 
[145]	3761185475 --> -61, 34, 47, -32, 
[146]	28354297 --> -7, -90, -80, 1, 
[147]	2996560083 --> -45, -32, -101, -78, 
[148]	2275760306 --> -78, 88, -91, -121, 
[149]	157215366 --> -122, -22, 94, 9, 
[150]	3921363787 --> 75, 67, -69, -23, 
[151]	2960453076 --> -44, -19, 116, -80, 
[152]	877770179 --> -61, -75, 81, 52, 
[153]	687266035 --> -13, -40, -10, 40, 
[154]	4164041181 --> -35, 57, 50, -8, 
[155]	1710848792 --> 24, 123, -7, 101, 
[156]	681863807 --> 127, 106, -92, 40, 
[157]	3675124767 --> 31, -12, 13, -37, 
[158]	2498539191 --> -73, -82, -20, -108, 
[159]	2376657705 --> 41, -21, -88, -115, 
[160]	3920047365 --> 5, 45, -89, -23, 
[161]	385026382 --> 78, 9, -13, 22, 
[162]	526559614 --> 126, -87, 98, 31, 
[163]	169998639 --> 47, -7, 33, 10, 
[164]	1386984821 --> 117, -75, -85, 82, 
[165]	3538748714 --> 42, 5, -19, -46, 
[166]	3287403171 --> -93, -54, -15, -61, 
[167]	3921793929 --> -119, -45, -63, -23, 
[168]	1820061854 --> -98, -16, 123, 108, 
[169]	3313104190 --> 62, -11, 121, -59, 
[170]	4135051784 --> 8, -30, 119, -10, 
[171]	2511976533 --> 85, -72, -71, -107, 
[172]	2814389113 --> 121, 43, -64, -89, 
[173]	2771759757 --> -115, -78, 53, -91, 
[174]	3994930841 --> -103, -50, 29, -18, 
[175]	1327765857 --> 97, 25, 36, 79, 
[176]	1687866387 --> 19, -52, -102, 100, 
[177]	4059072211 --> -45, -122, -16, -15, 
[178]	2468550091 --> -53, 21, 35, -109, 
[179]	3245474428 --> 124, 2, 114, -63, 
[180]	1328148022 --> 54, -18, 41, 79, 
[181]	3451834415 --> 47, -48, -66, -51, 
[182]	2484367992 --> 120, 114, 20, -108, 
[183]	3776636579 --> -93, -26, 26, -31, 
[184]	3350331844 --> -60, 1, -78, -57, 
[185]	919204040 --> -56, -16, -55, 54, 
[186]	3874019574 --> -10, -40, -24, -26, 
[187]	3693585905 --> -15, -91, 39, -36, 
[188]	1930883020 --> -52, -17, 22, 115, 
[189]	2543167734 --> -10, -88, -107, -105, 
[190]	1806348380 --> 92, -80, -86, 107, 
[191]	1334877349 --> -91, -100, -112, 79, 
[192]	524960469 --> -43, 66, 74, 31, 
[193]	2546342662 --> 6, 27, -58, -105, 
[194]	3452550964 --> 52, -65, -55, -51, 
[195]	3760636670 --> -2, -62, 38, -32, 
[196]	280174077 --> -3, 29, -77, 16, 
[197]	2359478 --> -74, 0, 36, 0, 
[198]	281925595 --> -37, -41, -51, 16, 
[199]	4200838807 --> -105, -74, 99, -6, 
[200]	1567076660 --> 52, -79, 103, 93, 
[201]	2939326516 --> 52, -112, 50, -81, 
[202]	1287361643 --> 107, -108, -69, 76, 
[203]	2907125865 --> 105, 56, 71, -83, 
[204]	3848767093 --> 117, -122, 103, -27, 
[205]	1889181531 --> 91, -97, -102, 112, 
[206]	2860445702 --> 6, -16, 126, -86, 
[207]	2939253250 --> 2, 114, 49, -81, 
[208]	4294609888 --> -32, -117, -6, -1, 
[209]	51997380 --> -60, 106, 25, 3, 
[210]	710853585 --> -47, -61, 94, 42, 
[211]	2412788715 --> -21, 59, -48, -113, 
[212]	4172785502 --> 94, -89, -73, -8, 
[213]	111936183 --> -73, 2, -84, 6, 
[214]	4130394444 --> 76, -47, 48, -10, 
[215]	3133765530 --> -102, 119, -55, -70, 
[216]	202293204 --> -44, -65, 14, 12, 
[217]	4090049067 --> 43, 50, -55, -13, 
[218]	1059203814 --> -26, 42, 34, 63, 
[219]	3050236766 --> 94, -21, -50, -75, 
[220]	1171775255 --> 23, -33, -41, 69, 
[221]	2551798977 --> -63, 92, 25, -104, 
[222]	3840863436 --> -52, -20, -18, -28, 
[223]	190166104 --> 88, -76, 85, 11, 
[224]	3405029667 --> 35, -95, -12, -54, 
[225]	1586255245 --> -115, 85, -116, 94, 
[226]	2862183135 --> -33, 114, -103, -86, 
[227]	3673158947 --> 35, -11, -17, -38, 
[228]	2406386694 --> 6, -116, 110, -113, 
[229]	236203289 --> 25, 45, 20, 14, 
[230]	3541992797 --> 93, -123, 30, -45, 
[231]	1273039672 --> 56, 11, -31, 75, 
[232]	2931925830 --> 70, -93, -63, -82, 
[233]	2697207718 --> -90, 31, -60, -96, 
[234]	1901421323 --> 11, 99, 85, 113, 
[235]	782425304 --> -40, -36, -94, 46, 
[236]	501430505 --> -23, 56, -29, 29, 
[237]	3797885300 --> 116, 33, 95, -30, 
[238]	3726579855 --> -113, 24, 31, -34, 
[239]	662949394 --> 18, -50, -125, 39, 
[240]	349983551 --> 63, 83, -36, 20, 
[241]	1986007268 --> -28, 16, 96, 118, 
[242]	1745494321 --> 49, 33, 10, 104, 
[243]	2292266803 --> 51, 55, -95, -120, 
[244]	2094387051 --> 107, -49, -43, 124, 
[245]	384052977 --> -15, 46, -28, 22, 
[246]	3298198351 --> 79, -125, -106, -60, 
[247]	105386043 --> 59, 16, 72, 6, 
[248]	176819185 --> -15, 11, -118, 10, 
[249]	219742695 --> -25, 1, 25, 13, 
[250]	4112905932 --> -52, -10, 37, -11, 
[251]	2869292884 --> 84, -17, 5, -85, 
[252]	953506796 --> -20, 91, -43, 56, 
[253]	2657168642 --> 2, 45, 97, -98, 
[254]	4171300258 --> -94, -3, -96, -8, 
[255]	1269316140 --> 44, 58, -88, 75, 
[256]	1094910459 --> -5, 1, 67, 65, 
[257]	2124489916 --> -68, 36, -95, 126, 
[258]	2462437240 --> 120, -49, -59, -110, 
[259]	3285846545 --> 17, 10, -38, -61, 
[260]	1646087808 --> -128, 78, 29, 98, 
[261]	603854312 --> -24, 21, -2, 35, 
[262]	1202041595 --> -5, -78, -91, 71, 
[263]	3673446455 --> 55, 88, -12, -38, 
[264]	854831067 --> -37, -81, -13, 50, 
[265]	1572744547 --> 99, 45, -66, 93, 
[266]	133117100 --> -84, 52, -17, 7, 
[267]	3731973931 --> 43, 103, 113, -34, 
[268]	4270984535 --> 87, 13, -110, -2, 
[269]	972839974 --> 38, 92, -4, 57, 
[270]	2256711483 --> 59, -81, -126, -122, 
[271]	369425758 --> 94, -3, 4, 22, 
[272]	2363546886 --> 6, -35, -32, -116, 
[273]	2609886979 --> 3, -73, -113, -101, 
[274]	3437546362 --> 122, -53, -28, -52, 
[275]	700622041 --> -39, -92, -62, 41, 
[276]	108032442 --> -70, 113, 112, 6, 
[277]	2068645690 --> 58, 7, 77, 123, 
[278]	3462953720 --> -8, 122, 104, -50, 
[279]	2151177749 --> 21, 94, 56, -128, 
[280]	641104610 --> -30, 122, 54, 38, 
[281]	168104128 --> -64, 16, 5, 10, 
[282]	3425564211 --> 51, -10, 45, -52, 
[283]	89525671 --> -89, 13, 86, 5, 
[284]	66128273 --> -111, 9, -15, 3, 
[285]	2062272663 --> -105, -56, -21, 122, 
[286]	4043933105 --> -79, -123, 9, -15, 
[287]	83221557 --> 53, -36, -11, 4, 
[288]	3164216496 --> -80, 28, -102, -68, 
[289]	2843120036 --> -92, -111, 118, -87, 
[290]	4054097066 --> -86, -100, -92, -15, 
[291]	3572383206 --> -26, 61, -18, -44, 
[292]	1894237173 --> -11, -61, -25, 112, 
[293]	4129685695 --> -65, 0, 38, -10, 
[294]	2295959613 --> 61, -112, -39, -120, 
[295]	3931849283 --> 67, 66, 91, -22, 
[296]	3622357597 --> 93, -54, -24, -41, 
[297]	3925465993 --> -119, -37, -7, -23, 
[298]	2634824435 --> -13, 58, 12, -99, 
[299]	2927204530 --> -78, -104, 121, -82, 
[300]	1136209423 --> 15, 46, -71, 67, 
[301]	514355828 --> 116, 114, -88, 30, 
[302]	2080618666 --> -86, -72, 3, 124, 
[303]	1841534385 --> -79, -107, -61, 109, 
[304]	2675277405 --> 93, 126, 117, -97, 
[305]	2329122364 --> 60, -106, -45, -118, 
[306]	1633430034 --> 18, 42, 92, 97, 
[307]	329822030 --> 78, -81, -88, 19, 
[308]	3234246747 --> 91, -80, -58, -64, 
[309]	516495294 --> -66, 23, -55, 30, 
[310]	2812858363 --> -5, -49, -88, -89, 
[311]	3918941655 --> -41, 77, -106, -23, 
[312]	3174656350 --> 94, 105, 57, -67, 
[313]	3928497404 --> -4, 28, 40, -22, 
[314]	1027599359 --> -1, -21, 63, 61, 
[315]	772937388 --> -84, 22, 18, 46, 
[316]	1870915695 --> 111, -24, -125, 111, 
[317]	3458982862 --> -50, -29, 43, -50, 
[318]	4211771061 --> -75, -122, 10, -5, 
[319]	1340228012 --> -84, 65, -30, 79, 
[320]	2954587820 --> -84, 110, 27, -80, 
[321]	4092326541 --> -115, -14, -21, -13, 
[322]	3598713534 --> -66, 2, -128, -42, 
[323]	80801340 --> 60, -18, -48, 4, 
[324]	2206874254 --> -114, 58, -118, -125, 
[325]	321441022 --> -2, -52, 40, 19, 
[326]	3899362905 --> 89, -114, 107, -24, 
[327]	2173985314 --> 34, 98, -108, -127, 
[328]	1673808143 --> 15, 73, -60, 99, 
[329]	455663947 --> 75, -31, 40, 27, 
[330]	2292532885 --> -107, 70, -91, -120, 
[331]	2451297910 --> 118, -42, 27, -110, 
[332]	2173804790 --> -10, -96, -111, -127, 
[333]	4078779587 --> -61, 60, 29, -13, 
[334]	3395997847 --> -105, -48, 106, -54, 
[335]	13153150 --> 126, -77, -56, 0, 
[336]	3101662294 --> 86, -100, -33, -72, 
[337]	1320087631 --> 79, -16, -82, 78, 
[338]	3382466716 --> -100, 88, -100, -55, 
[339]	405284618 --> 10, 39, 40, 24, 
[340]	1957590354 --> 82, 117, -82, 116, 
[341]	2487484692 --> 20, 1, 68, -108, 
[342]	3402384897 --> 1, 70, -52, -54, 
[343]	3833946154 --> 42, 96, -123, -28, 
[344]	2739245415 --> 103, -111, 69, -93, 
[345]	287914449 --> -47, 57, 41, 17, 
[346]	1040199456 --> 32, 47, 0, 62, 
[347]	3504077982 --> -98, -4, -37, -48, 
[348]	3173933732 --> -92, 98, 46, -67, 
[349]	4168194874 --> 58, -101, 113, -8, 
[350]	367849425 --> -47, -17, -20, 21, 
[351]	1737573007 --> -113, 66, -111, 103, 
[352]	3294672701 --> 61, -73, 96, -60, 
[353]	2066661052 --> -68, -66, 46, 123, 
[354]	1003891665 --> -47, 43, -42, 59, 
[355]	449504714 --> -54, -27, -54, 26, 
[356]	1299096760 --> -72, -92, 110, 77, 
[357]	134612227 --> 3, 5, 6, 8, 
[358]	1869736001 --> 65, -24, 113, 111, 
[359]	4120798964 --> -12, 102, -98, -11, 
[360]	1681147688 --> 40, 71, 52, 100, 
[361]	3518025970 --> -14, -48, -80, -47, 
[362]	2787254262 --> -10, 31, 34, -90, 
[363]	1096042310 --> 70, 71, 84, 65, 
[364]	1523766046 --> 30, -45, -46, 90, 
[365]	3407913550 --> 78, -94, 32, -53, 
[366]	3043157515 --> 11, -26, 98, -75, 
[367]	3056438686 --> -98, -115, 45, -74, 
[368]	1455887082 --> -22, 18, -57, 86, 
[369]	454930037 --> 117, -82, 29, 27, 
[370]	354090258 --> 18, -3, 26, 21, 
[371]	1644693999 --> -17, 9, 8, 98, 
[372]	1689086466 --> 2, 106, -83, 100, 
[373]	1006134144 --> -128, 99, -8, 59, 
[374]	2065117271 --> 87, 48, 23, 123, 
[375]	49561652 --> 52, 64, -12, 2, 
[376]	2475570450 --> 18, 53, -114, -109, 
[377]	3521518880 --> 32, 29, -26, -47, 
[378]	3721140684 --> -52, 25, -52, -35, 
[379]	2829218476 --> -84, 114, -94, -88, 
[380]	335081602 --> -126, -16, -8, 19, 
[381]	2717760007 --> 7, -70, -3, -95, 
[382]	3173592682 --> 106, 46, 41, -67, 
[383]	3940959214 --> -18, 67, -26, -22, 
[384]	1866740639 --> -97, 51, 68, 111, 
[385]	2529369594 --> -6, 29, -61, -106, 
[386]	3524520945 --> -15, -21, 19, -46, 
[387]	722256153 --> 25, -63, 12, 43, 
[388]	2223561212 --> -4, -39, -120, -124, 
[389]	3325107129 --> -71, 27, 49, -58, 
[390]	3725992770 --> 66, 35, 22, -34, 
[391]	1099608000 --> -64, -81, -118, 65, 
[392]	1315133244 --> 60, 87, 99, 78, 
[393]	571894463 --> -65, 106, 22, 34, 
[394]	3091283294 --> 94, 61, 65, -72, 
[395]	2080448507 --> -5, 31, 1, 124, 
[396]	1340162492 --> -68, 65, -31, 79, 
[397]	1184226536 --> -24, -36, -107, 70, 
[398]	1346743048 --> 8, -85, 69, 80, 
[399]	2433558825 --> 41, 41, 13, -111, 
[400]	2714729868 --> -116, 125, -49, -95, 
[401]	3627910165 --> 21, -124, 61, -40, 
[402]	1160027865 --> -39, -98, 36, 69, 
[403]	3964131782 --> -58, -39, 71, -20, 
[404]	3700300851 --> 51, 28, -114, -36, 
[405]	766837688 --> -72, 3, -75, 45, 
[406]	2744306085 --> -91, -55, -110, -93, 
[407]	93768323 --> -125, -54, -106, 5, 
[408]	3431055956 --> 84, -62, -127, -52, 
[409]	842019884 --> 44, 52, 48, 50, 
[410]	164747777 --> 1, -38, -47, 9, 
[411]	3377941675 --> -85, 76, 87, -55, 
[412]	1775925625 --> 121, 121, -38, 105, 
[413]	1488269890 --> 66, 50, -75, 88, 
[414]	830399190 --> -42, -30, 126, 49, 
[415]	359984116 --> -12, -21, 116, 21, 
[416]	3983325205 --> 21, -72, 108, -19, 
[417]	982137612 --> 12, 59, -118, 58, 
[418]	3458647895 --> 87, -57, 38, -50, 
[419]	638642940 --> -4, -22, 16, 38, 
[420]	2827786122 --> -118, -105, -116, -88, 
[421]	3878023722 --> 42, -14, 37, -25, 
[422]	1480549007 --> -113, 98, 63, 88, 
[423]	3164755251 --> 51, 85, -94, -68, 
[424]	2284522772 --> 20, 13, 43, -120, 
[425]	1683972665 --> 57, 98, 95, 100, 
[426]	2665584420 --> 36, -105, -31, -98, 
[427]	2462062105 --> 25, 22, -64, -110, 
[428]	1047745371 --> 91, 83, 115, 62, 
[429]	3573783609 --> 57, -100, 3, -43, 
[430]	1952172065 --> 33, -56, 91, 116, 
[431]	962068803 --> 67, 1, 88, 57, 
[432]	1989920979 --> -45, -56, -101, 118, 
[433]	3203932739 --> 67, 34, -8, -66, 
[434]	509331389 --> -67, -57, 91, 30, 
[435]	22618305 --> -63, 32, 89, 1, 
[436]	332715646 --> 126, -42, -44, 19, 
[437]	2572471867 --> 59, -50, 84, -103, 
[438]	1021159908 --> -28, -87, -35, 60, 
[439]	2130193092 --> -60, 42, -8, 126, 
[440]	4107450643 --> 19, -71, -46, -12, 
[441]	3470866958 --> 14, 58, -31, -50, 
[442]	3477064694 --> -10, -53, 63, -49, 
[443]	2977647545 --> -71, 75, 123, -79, 
[444]	1665232029 --> -99, 108, 65, 99, 
[445]	1203125843 --> 83, 62, -74, 71, 
[446]	374882897 --> 81, 66, 88, 22, 
[447]	943792747 --> 107, 34, 65, 56, 
[448]	4207688657 --> -47, 59, -52, -6, 
[449]	978475397 --> -123, 89, 82, 58, 
[450]	655931922 --> 18, -70, 24, 39, 
[451]	4164667586 --> -62, -56, 59, -8, 
[452]	4160554108 --> 124, 4, -3, -9, 
[453]	750631967 --> 31, -68, -67, 44, 
[454]	4191637904 --> -112, 81, -41, -7, 
[455]	2449975127 --> 87, -89, 7, -110, 
[456]	1338439066 --> -102, -11, -58, 79, 
[457]	177860523 --> -85, -17, -103, 10, 
[458]	3827630672 --> 80, 2, 37, -28, 
[459]	1017266461 --> 29, 65, -94, 60, 
[460]	804063004 --> 28, 7, -19, 47, 
[461]	3923478046 --> 30, -122, -37, -23, 
[462]	3682785538 --> 2, -39, -126, -37, 
[463]	1078457534 --> -66, -12, 71, 64, 
[464]	3094299724 --> 76, 68, 111, -72, 
[465]	398638362 --> 26, -67, -62, 23, 
[466]	1376452137 --> 41, -2, 10, 82, 
[467]	4254262670 --> -114, -27, -110, -3, 
[468]	3940597394 --> -110, -66, -32, -22, 
[469]	526057519 --> 47, 0, 91, 31, 
[470]	2590190665 --> 73, 44, 99, -102, 
[471]	2844146747 --> 59, 60, -122, -87, 
[472]	782977068 --> 44, 72, -85, 46, 
[473]	3370248163 --> -29, -25, -31, -56, 
[474]	3743738096 --> -16, -24, 36, -33, 
[475]	4147710815 --> 95, 11, 57, -9, 
[476]	192597356 --> 108, -51, 122, 11, 
[477]	654371393 --> 65, -22, 0, 39, 
[478]	1866076559 --> -113, 17, 58, 111, 
[479]	3696697993 --> -119, 34, 87, -36, 
[480]	1107296005 --> 5, -1, -1, 65, 
[481]	3374108703 --> 31, -48, 28, -55, 
[482]	1295047175 --> 7, -38, 48, 77, 
[483]	873132332 --> 44, -15, 10, 52, 
[484]	1614202525 --> -99, -58, 54, 96, 
[485]	3676174791 --> -57, -7, 29, -37, 
[486]	4065367801 --> -7, -106, 80, -14, 
[487]	388168407 --> -41, -6, 34, 23, 
[488]	4173491074 --> -126, 107, -62, -8, 
[489]	2842665798 --> 70, -93, 111, -87, 
[490]	1215287691 --> -117, -47, 111, 72, 
[491]	331050524 --> 28, 110, -69, 19, 
[492]	3311507595 --> -117, -104, 97, -59, 
[493]	3264585096 --> -120, -99, -107, -62, 
[494]	1916196024 --> -72, -44, 54, 114, 
[495]	3309422750 --> -98, -56, 65, -59, 
[496]	39425444 --> -92, -107, 89, 2, 
[497]	1538151413 --> -11, 83, -82, 91, 
[498]	3875788290 --> 2, -42, 3, -25, 
[499]	2179241539 --> 67, -106, -28, -127, 
[500]	127284523 --> 43, 53, -106, 7, 
[501]	4268034998 --> -74, 11, 101, -2, 
[502]	2021857936 --> -112, 26, -125, 120, 
[503]	2047416676 --> 100, 25, 9, 122, 
[504]	4100668915 --> -13, 61, 107, -12, 
[505]	3858304720 --> -48, 14, -7, -27, 
[506]	84465879 --> -41, -40, 8, 5, 
[507]	4089325730 --> -94, 40, -66, -13, 
[508]	3719350708 --> -76, -55, -80, -35, 
[509]	2498115377 --> 49, 55, -26, -108, 
[510]	1647220452 --> -28, -106, 46, 98, 
[511]	724431426 --> 66, -14, 45, 43, 

exiting with last active thread context (0) @ 5816338750
make[1]: Leaving directory '/home/albini/Documents/ESL/TiC-SAT-fork/custom_build'







 OUTPUT
(32 x 16)
==============
[0]	953434151 --> 39, 64, -44, 56, 
[1]	1567663017 --> -87, -93, 112, 93, 
[2]	137364748 --> 12, 5, 48, 8, 
[3]	1530955619 --> 99, -121, 64, 91, 
[4]	3073223150 --> -18, -87, 45, -73, 
[5]	1633674313 --> 73, -28, 95, 97, 
[6]	953878553 --> 25, 8, -37, 56, 
[7]	338292253 --> 29, -18, 41, 20, 
[8]	342470373 --> -27, -82, 105, 20, 
[9]	4212337943 --> 23, 45, 19, -5, 
[10]	4013092385 --> 33, -18, 50, -17, 
[11]	3843559624 --> -56, 16, 24, -27, 
[12]	188665132 --> 44, -51, 62, 11, 
[13]	66503938 --> 2, -59, -10, 3, 
[14]	779612278 --> 118, -16, 119, 46, 
[15]	726446624 --> 32, -78, 76, 43, 
[16]	345091774 --> -66, -82, -111, 20, 
[17]	4064785318 --> -90, -77, 71, -14, 
[18]	2027135912 --> -88, -93, -45, 120, 
[19]	2752811971 --> -61, -109, 20, -92, 
[20]	1610360792 --> -40, 39, -4, 95, 
[21]	2596576207 --> -49, -101, -60, -102, 
[22]	2915840574 --> 62, 50, -52, -83, 
[23]	3491256420 --> 100, 88, 24, -48, 
[24]	97820152 --> -8, -99, -44, 5, 
[25]	3763726042 --> -38, -26, 85, -32, 
[26]	240311431 --> -121, -36, 82, 14, 
[27]	3606632580 --> -124, -40, -8, -42, 
[28]	174525975 --> 23, 14, 103, 10, 
[29]	2724961458 --> -78, -100, 107, -94, 
[30]	3588952834 --> 2, 19, -21, -43, 
[31]	228477104 --> -80, 72, -98, 13, 
[32]	216718856 --> 8, -34, -22, 12, 
[33]	284967651 --> -29, 66, -4, 16, 
[34]	2630417526 --> 118, -4, -56, -100, 
[35]	1749602657 --> 97, -47, 72, 104, 
[36]	3668972660 --> 116, 20, -80, -38, 
[37]	1865937195 --> 43, -15, 55, 111, 
[38]	2668425466 --> -6, -16, 12, -97, 
[39]	1244359851 --> -85, 108, 43, 74, 
[40]	3392890255 --> -113, 101, 59, -54, 
[41]	1893469766 --> 70, 14, -36, 112, 
[42]	916419045 --> -27, 113, -97, 54, 
[43]	882961152 --> 0, -21, -96, 52, 
[44]	2454947826 --> -14, -121, 83, -110, 
[45]	2314324956 --> -36, -53, -15, -119, 
[46]	4228982658 --> -126, 39, 17, -4, 
[47]	2694723901 --> 61, 57, -98, -96, 
[48]	633869705 --> -119, 21, -56, 37, 
[49]	3354820004 --> -92, 125, -10, -57, 
[50]	3223923419 --> -37, 42, 41, -64, 
[51]	165409048 --> 24, -15, -37, 9, 
[52]	707142653 --> -3, 35, 38, 42, 
[53]	4161857550 --> 14, -24, 16, -8, 
[54]	3769493766 --> 6, -23, -83, -32, 
[55]	2426124364 --> 76, -72, -101, -112, 
[56]	3815607740 --> -68, -115, 109, -29, 
[57]	1611282086 --> -90, 54, 10, 96, 
[58]	394363597 --> -51, -126, -127, 23, 
[59]	4188043943 --> -89, 122, -96, -7, 
[60]	753839060 --> -44, -85, -18, 44, 
[61]	3954706257 --> 81, 7, -72, -21, 
[62]	2923063001 --> -39, 102, 58, -82, 
[63]	3076062192 --> -16, -5, 88, -73, 
[64]	1373576722 --> 18, 30, -33, 81, 
[65]	231913644 --> -84, -72, -46, 13, 
[66]	1021940000 --> 32, -111, -23, 60, 
[67]	3491693117 --> 61, 2, 31, -48, 
[68]	2242526122 --> -86, 59, -86, -123, 
[69]	3637569871 --> 79, -23, -48, -40, 
[70]	3806534660 --> 4, 28, -29, -30, 
[71]	4230679854 --> 46, 13, 43, -4, 
[72]	4208445640 --> -56, -56, -41, -6, 
[73]	3544178521 --> 89, -33, 63, -45, 
[74]	67578408 --> 40, 42, 7, 4, 
[75]	887039223 --> -9, 36, -33, 52, 
[76]	4264437226 --> -22, 37, 46, -2, 
[77]	300746490 --> -6, 6, -19, 17, 
[78]	677365383 --> -121, -58, 95, 40, 
[79]	1151532674 --> -126, -2, -94, 68, 
[80]	1211381782 --> 22, 56, 52, 72, 
[81]	2604965725 --> 93, -97, 68, -101, 
[82]	2534899636 --> -76, 127, 23, -105, 
[83]	2351716952 --> 88, 90, 44, -116, 
[84]	982094499 --> -93, -110, -119, 58, 
[85]	1340594832 --> -112, -38, -25, 79, 
[86]	2574821267 --> -109, -89, 120, -103, 
[87]	2481070547 --> -45, 33, -30, -109, 
[88]	1140144330 --> -54, 56, -11, 67, 
[89]	3511494466 --> 66, 39, 77, -47, 
[90]	3262440211 --> 19, -29, 116, -62, 
[91]	496543340 --> 108, -90, -104, 29, 
[92]	3162759681 --> 1, -30, -125, -68, 
[93]	3711735817 --> 9, -104, 60, -35, 
[94]	1993315496 --> -88, -108, -49, 118, 
[95]	1251314995 --> 51, -115, -107, 74, 
[96]	103205178 --> 58, -55, 38, 6, 
[97]	303549446 --> 6, -52, 23, 18, 
[98]	4146442410 --> -86, -80, 37, -9, 
[99]	3581375340 --> 108, 115, 119, -43, 
[100]	735360217 --> -39, -76, -44, 43, 
[101]	1419036330 --> -86, -58, -108, 84, 
[102]	2782918407 --> 7, -9, -33, -91, 
[103]	2948592176 --> 48, -14, -65, -81, 
[104]	88711535 --> 111, -95, 73, 5, 
[105]	3077909551 --> 47, 44, 117, -73, 
[106]	2186072053 --> -11, -49, 76, -126, 
[107]	3035143271 --> 103, -100, -24, -76, 
[108]	2210654479 --> 15, -23, -61, -125, 
[109]	515665365 --> -43, 109, -68, 30, 
[110]	3096853780 --> 20, 61, -106, -72, 
[111]	253086847 --> 127, -52, 21, 15, 
[112]	3792577505 --> -31, 35, 14, -30, 
[113]	1994784092 --> 92, -3, -27, 118, 
[114]	4207608122 --> 58, 1, -53, -6, 
[115]	53935630 --> 14, -2, 54, 3, 
[116]	634790354 --> -46, 33, -42, 37, 
[117]	4259061965 --> -51, 32, -36, -3, 
[118]	1805111468 --> -84, -48, -105, 107, 
[119]	1412330133 --> -107, 114, 46, 84, 
[120]	1875489460 --> -76, -78, -55, 111, 
[121]	2485028415 --> 63, -122, 30, -108, 
[122]	2634842158 --> 46, -128, 12, -99, 
[123]	173809312 --> -96, 30, 92, 10, 
[124]	855431620 --> -60, -39, -4, 50, 
[125]	4189413010 --> -110, 94, -75, -7, 
[126]	2853992081 --> -111, 118, 28, -86, 
[127]	3549926478 --> 78, -108, -105, -45, 
[128]	2871125279 --> 31, -27, 33, -85, 
[129]	3920047365 --> 5, 45, -89, -23, 
[130]	2795985018 --> 122, 88, -89, -90, 
[131]	385026382 --> 78, 9, -13, 22, 
[132]	218594684 --> 124, 125, 7, 13, 
[133]	273914479 --> 111, -102, 83, 16, 
[134]	3876983999 --> -65, 20, 22, -25, 
[135]	169998639 --> 47, -7, 33, 10, 
[136]	1986527928 --> -72, 2, 104, 118, 
[137]	1386984821 --> 117, -75, -85, 82, 
[138]	4111908100 --> 4, -67, 22, -11, 
[139]	3538748714 --> 42, 5, -19, -46, 
[140]	3724279758 --> -50, -1, -5, -35, 
[141]	3757253838 --> -50, 36, -13, -33, 
[142]	1878483507 --> 51, 98, -9, 111, 
[143]	3921793929 --> -119, -45, -63, -23, 
[144]	3569423166 --> 62, 19, -63, -44, 
[145]	1820061854 --> -98, -16, 123, 108, 
[146]	1076851563 --> 107, 115, 47, 64, 
[147]	3313104190 --> 62, -11, 121, -59, 
[148]	2804158546 --> 82, 16, 36, -89, 
[149]	2878332256 --> 96, -35, -113, -85, 
[150]	3522684831 --> -97, -25, -9, -47, 
[151]	2511976533 --> 85, -72, -71, -107, 
[152]	3036018651 --> -37, -9, -11, -76, 
[153]	2814389113 --> 121, 43, -64, -89, 
[154]	3335755424 --> -96, -106, -45, -58, 
[155]	2771759757 --> -115, -78, 53, -91, 
[156]	4207068338 --> -78, -60, -62, -6, 
[157]	3994930841 --> -103, -50, 29, -18, 
[158]	2183334601 --> -55, 10, 35, -126, 
[159]	1327765857 --> 97, 25, 36, 79, 
[160]	3694982615 --> -41, -11, 60, -36, 
[161]	3960206798 --> -50, -11, 11, -20, 
[162]	3761185475 --> -61, 34, 47, -32, 
[163]	4059072211 --> -45, -122, -16, -15, 
[164]	28354297 --> -7, -90, -80, 1, 
[165]	2468550091 --> -53, 21, 35, -109, 
[166]	2996560083 --> -45, -32, -101, -78, 
[167]	3245474428 --> 124, 2, 114, -63, 
[168]	2275760306 --> -78, 88, -91, -121, 
[169]	1328148022 --> 54, -18, 41, 79, 
[170]	157215366 --> -122, -22, 94, 9, 
[171]	3451834415 --> 47, -48, -66, -51, 
[172]	3921363787 --> 75, 67, -69, -23, 
[173]	2484367992 --> 120, 114, 20, -108, 
[174]	2960453076 --> -44, -19, 116, -80, 
[175]	3776636579 --> -93, -26, 26, -31, 
[176]	877770179 --> -61, -75, 81, 52, 
[177]	3350331844 --> -60, 1, -78, -57, 
[178]	687266035 --> -13, -40, -10, 40, 
[179]	919204040 --> -56, -16, -55, 54, 
[180]	4164041181 --> -35, 57, 50, -8, 
[181]	3874019574 --> -10, -40, -24, -26, 
[182]	1710848792 --> 24, 123, -7, 101, 
[183]	3693585905 --> -15, -91, 39, -36, 
[184]	732392834 --> -126, 109, -89, 43, 
[185]	1981412047 --> -49, -14, 25, 118, 
[186]	3675124767 --> 31, -12, 13, -37, 
[187]	2543167734 --> -10, -88, -107, -105, 
[188]	2498539191 --> -73, -82, -20, -108, 
[189]	1806348380 --> 92, -80, -86, 107, 
[190]	2376657705 --> 41, -21, -88, -115, 
[191]	1334877349 --> -91, -100, -112, 79, 
[192]	524960469 --> -43, 66, 74, 31, 
[193]	3405029667 --> 35, -95, -12, -54, 
[194]	2546342662 --> 6, 27, -58, -105, 
[195]	1586255245 --> -115, 85, -116, 94, 
[196]	3199905829 --> 37, -80, -70, -66, 
[197]	2609538000 --> -48, 99, -118, -101, 
[198]	3760636670 --> -2, -62, 38, -32, 
[199]	3673158947 --> 35, -11, -17, -38, 
[200]	280174077 --> -3, 29, -77, 16, 
[201]	2406386694 --> 6, -116, 110, -113, 
[202]	2359478 --> -74, 0, 36, 0, 
[203]	236203289 --> 25, 45, 20, 14, 
[204]	4278503125 --> -43, -58, 4, -1, 
[205]	3778208810 --> 42, -28, 50, -31, 
[206]	4200838807 --> -105, -74, 99, -6, 
[207]	1273039672 --> 56, 11, -31, 75, 
[208]	1567076660 --> 52, -79, 103, 93, 
[209]	2931925830 --> 70, -93, -63, -82, 
[210]	2939326516 --> 52, -112, 50, -81, 
[211]	2697207718 --> -90, 31, -60, -96, 
[212]	1740603979 --> 75, -126, -65, 103, 
[213]	2709608238 --> 46, 87, -127, -95, 
[214]	2907125865 --> 105, 56, 71, -83, 
[215]	782425304 --> -40, -36, -94, 46, 
[216]	3848767093 --> 117, -122, 103, -27, 
[217]	501430505 --> -23, 56, -29, 29, 
[218]	1889181531 --> 91, -97, -102, 112, 
[219]	3797885300 --> 116, 33, 95, -30, 
[220]	2860445702 --> 6, -16, 126, -86, 
[221]	3726579855 --> -113, 24, 31, -34, 
[222]	2939253250 --> 2, 114, 49, -81, 
[223]	662949394 --> 18, -50, -125, 39, 
[224]	253292245 --> -43, -18, 24, 15, 
[225]	4008367164 --> 60, -44, -22, -18, 
[226]	51997380 --> -60, 106, 25, 3, 
[227]	1986007268 --> -28, 16, 96, 118, 
[228]	710853585 --> -47, -61, 94, 42, 
[229]	1745494321 --> 49, 33, 10, 104, 
[230]	2412788715 --> -21, 59, -48, -113, 
[231]	2292266803 --> 51, 55, -95, -120, 
[232]	4172785502 --> 94, -89, -73, -8, 
[233]	2094387051 --> 107, -49, -43, 124, 
[234]	111936183 --> -73, 2, -84, 6, 
[235]	384052977 --> -15, 46, -28, 22, 
[236]	4130394444 --> 76, -47, 48, -10, 
[237]	3298198351 --> 79, -125, -106, -60, 
[238]	3133765530 --> -102, 119, -55, -70, 
[239]	105386043 --> 59, 16, 72, 6, 
[240]	202293204 --> -44, -65, 14, 12, 
[241]	176819185 --> -15, 11, -118, 10, 
[242]	4090049067 --> 43, 50, -55, -13, 
[243]	219742695 --> -25, 1, 25, 13, 
[244]	1059203814 --> -26, 42, 34, 63, 
[245]	4112905932 --> -52, -10, 37, -11, 
[246]	3050236766 --> 94, -21, -50, -75, 
[247]	2869292884 --> 84, -17, 5, -85, 
[248]	1222304282 --> 26, -30, -38, 72, 
[249]	1004035823 --> -17, 94, -40, 59, 
[250]	2551798977 --> -63, 92, 25, -104, 
[251]	2657168642 --> 2, 45, 97, -98, 
[252]	3840863436 --> -52, -20, -18, -28, 
[253]	4171300258 --> -94, -3, -96, -8, 
[254]	190166104 --> 88, -76, 85, 11, 
[255]	1269316140 --> 44, 58, -88, 75, 
[256]	1094910459 --> -5, 1, 67, 65, 
[257]	3164216496 --> -80, 28, -102, -68, 
[258]	2124489916 --> -68, 36, -95, 126, 
[259]	2843120036 --> -92, -111, 118, -87, 
[260]	1233053707 --> 11, -24, 126, 73, 
[261]	4251264597 --> 85, 38, 101, -3, 
[262]	3285846545 --> 17, 10, -38, -61, 
[263]	3572383206 --> -26, 61, -18, -44, 
[264]	1646087808 --> -128, 78, 29, 98, 
[265]	1894237173 --> -11, -61, -25, 112, 
[266]	603854312 --> -24, 21, -2, 35, 
[267]	4129685695 --> -65, 0, 38, -10, 
[268]	702083065 --> -7, -17, -40, 41, 
[269]	836691663 --> -49, -26, -34, 49, 
[270]	3673446455 --> 55, 88, -12, -38, 
[271]	3931849283 --> 67, 66, 91, -22, 
[272]	854831067 --> -37, -81, -13, 50, 
[273]	3622357597 --> 93, -54, -24, -41, 
[274]	1572744547 --> 99, 45, -66, 93, 
[275]	3925465993 --> -119, -37, -7, -23, 
[276]	3641911772 --> -36, 41, 19, -39, 
[277]	4163713441 --> -95, 57, 45, -8, 
[278]	3731973931 --> 43, 103, 113, -34, 
[279]	2927204530 --> -78, -104, 121, -82, 
[280]	4270984535 --> 87, 13, -110, -2, 
[281]	1136209423 --> 15, 46, -71, 67, 
[282]	972839974 --> 38, 92, -4, 57, 
[283]	514355828 --> 116, 114, -88, 30, 
[284]	2256711483 --> 59, -81, -126, -122, 
[285]	2080618666 --> -86, -72, 3, 124, 
[286]	369425758 --> 94, -3, 4, 22, 
[287]	1841534385 --> -79, -107, -61, 109, 
[288]	3591582406 --> -58, 50, 19, -42, 
[289]	1126239461 --> -27, 12, 33, 67, 
[290]	2609886979 --> 3, -73, -113, -101, 
[291]	2329122364 --> 60, -106, -45, -118, 
[292]	3437546362 --> 122, -53, -28, -52, 
[293]	1633430034 --> 18, 42, 92, 97, 
[294]	700622041 --> -39, -92, -62, 41, 
[295]	329822030 --> 78, -81, -88, 19, 
[296]	108032442 --> -70, 113, 112, 6, 
[297]	3234246747 --> 91, -80, -58, -64, 
[298]	2068645690 --> 58, 7, 77, 123, 
[299]	516495294 --> -66, 23, -55, 30, 
[300]	3462953720 --> -8, 122, 104, -50, 
[301]	2812858363 --> -5, -49, -88, -89, 
[302]	2151177749 --> 21, 94, 56, -128, 
[303]	3918941655 --> -41, 77, -106, -23, 
[304]	641104610 --> -30, 122, 54, 38, 
[305]	3174656350 --> 94, 105, 57, -67, 
[306]	168104128 --> -64, 16, 5, 10, 
[307]	3928497404 --> -4, 28, 40, -22, 
[308]	3425564211 --> 51, -10, 45, -52, 
[309]	1027599359 --> -1, -21, 63, 61, 
[310]	89525671 --> -89, 13, 86, 5, 
[311]	772937388 --> -84, 22, 18, 46, 
[312]	116657300 --> -108, 12, -12, 6, 
[313]	1921444722 --> 114, -21, -122, 114, 
[314]	2062272663 --> -105, -56, -21, 122, 
[315]	3458982862 --> -50, -29, 43, -50, 
[316]	4043933105 --> -79, -123, 9, -15, 
[317]	4211771061 --> -75, -122, 10, -5, 
[318]	83221557 --> 53, -36, -11, 4, 
[319]	1340228012 --> -84, 65, -30, 79, 
[320]	2954587820 --> -84, 110, 27, -80, 
[321]	3294672701 --> 61, -73, 96, -60, 
[322]	4092326541 --> -115, -14, -21, -13, 
[323]	2066661052 --> -68, -66, 46, 123, 
[324]	3346133935 --> -81, -13, 113, -57, 
[325]	751246530 --> -62, 28, -57, 44, 
[326]	80801340 --> 60, -18, -48, 4, 
[327]	449504714 --> -54, -27, -54, 26, 
[328]	2206874254 --> -114, 58, -118, -125, 
[329]	1299096760 --> -72, -92, 110, 77, 
[330]	321441022 --> -2, -52, 40, 19, 
[331]	134612227 --> 3, 5, 6, 8, 
[332]	4164892443 --> 27, 55, 63, -8, 
[333]	3828614694 --> 38, 6, 52, -28, 
[334]	2173985314 --> 34, 98, -108, -127, 
[335]	4120798964 --> -12, 102, -98, -11, 
[336]	1673808143 --> 15, 73, -60, 99, 
[337]	1681147688 --> 40, 71, 52, 100, 
[338]	455663947 --> 75, -31, 40, 27, 
[339]	3518025970 --> -14, -48, -80, -47, 
[340]	3802694196 --> 52, -126, -88, -30, 
[341]	3810666797 --> 45, 41, 34, -29, 
[342]	2451297910 --> 118, -42, 27, -110, 
[343]	1096042310 --> 70, 71, 84, 65, 
[344]	2173804790 --> -10, -96, -111, -127, 
[345]	1523766046 --> 30, -45, -46, 90, 
[346]	4078779587 --> -61, 60, 29, -13, 
[347]	3407913550 --> 78, -94, 32, -53, 
[348]	3395997847 --> -105, -48, 106, -54, 
[349]	3043157515 --> 11, -26, 98, -75, 
[350]	13153150 --> 126, -77, -56, 0, 
[351]	3056438686 --> -98, -115, 45, -74, 
[352]	754139159 --> 23, 64, -13, 44, 
[353]	468729618 --> 18, 63, -16, 27, 
[354]	1320087631 --> 79, -16, -82, 78, 
[355]	454930037 --> 117, -82, 29, 27, 
[356]	3382466716 --> -100, 88, -100, -55, 
[357]	354090258 --> 18, -3, 26, 21, 
[358]	405284618 --> 10, 39, 40, 24, 
[359]	1644693999 --> -17, 9, 8, 98, 
[360]	1957590354 --> 82, 117, -82, 116, 
[361]	1689086466 --> 2, 106, -83, 100, 
[362]	2487484692 --> 20, 1, 68, -108, 
[363]	1006134144 --> -128, 99, -8, 59, 
[364]	3402384897 --> 1, 70, -52, -54, 
[365]	2065117271 --> 87, 48, 23, 123, 
[366]	3833946154 --> 42, 96, -123, -28, 
[367]	49561652 --> 52, 64, -12, 2, 
[368]	2739245415 --> 103, -111, 69, -93, 
[369]	2475570450 --> 18, 53, -114, -109, 
[370]	287914449 --> -47, 57, 41, 17, 
[371]	3521518880 --> 32, 29, -26, -47, 
[372]	1040199456 --> 32, 47, 0, 62, 
[373]	3721140684 --> -52, 25, -52, -35, 
[374]	3504077982 --> -98, -4, -37, -48, 
[375]	2829218476 --> -84, 114, -94, -88, 
[376]	3224462759 --> -89, 101, 49, -64, 
[377]	385610629 --> -123, -13, -5, 22, 
[378]	4168194874 --> 58, -101, 113, -8, 
[379]	2717760007 --> 7, -70, -3, -95, 
[380]	367849425 --> -47, -17, -20, 21, 
[381]	3173592682 --> 106, 46, 41, -67, 
[382]	1737573007 --> -113, 66, -111, 103, 
[383]	3940959214 --> -18, 67, -26, -22, 
[384]	1866740639 --> -97, 51, 68, 111, 
[385]	3983325205 --> 21, -72, 108, -19, 
[386]	2529369594 --> -6, 29, -61, -106, 
[387]	982137612 --> 12, 59, -118, 58, 
[388]	3271875810 --> -30, -36, 4, -61, 
[389]	3206002760 --> 72, -72, 23, -65, 
[390]	722256153 --> 25, -63, 12, 43, 
[391]	638642940 --> -4, -22, 16, 38, 
[392]	2223561212 --> -4, -39, -120, -124, 
[393]	2827786122 --> -118, -105, -116, -88, 
[394]	3325107129 --> -71, 27, 49, -58, 
[395]	3878023722 --> 42, -14, 37, -25, 
[396]	149036536 --> -8, 29, -30, 8, 
[397]	3257713716 --> 52, -60, 44, -62, 
[398]	1099608000 --> -64, -81, -118, 65, 
[399]	3164755251 --> 51, 85, -94, -68, 
[400]	1315133244 --> 60, 87, 99, 78, 
[401]	2284522772 --> 20, 13, 43, -120, 
[402]	571894463 --> -65, 106, 22, 34, 
[403]	1683972665 --> 57, 98, 95, 100, 
[404]	4211886107 --> 27, 72, 12, -5, 
[405]	73966619 --> 27, -92, 104, 4, 
[406]	2080448507 --> -5, 31, 1, 124, 
[407]	2462062105 --> 25, 22, -64, -110, 
[408]	1340162492 --> -68, 65, -31, 79, 
[409]	1047745371 --> 91, 83, 115, 62, 
[410]	1184226536 --> -24, -36, -107, 70, 
[411]	3573783609 --> 57, -100, 3, -43, 
[412]	1346743048 --> 8, -85, 69, 80, 
[413]	1952172065 --> 33, -56, 91, 116, 
[414]	2433558825 --> 41, 41, 13, -111, 
[415]	962068803 --> 67, 1, 88, 57, 
[416]	3503287836 --> 28, -18, -49, -48, 
[417]	217901767 --> -57, -22, -4, 12, 
[418]	3627910165 --> 21, -124, 61, -40, 
[419]	3203932739 --> 67, 34, -8, -66, 
[420]	1160027865 --> -39, -98, 36, 69, 
[421]	509331389 --> -67, -57, 91, 30, 
[422]	3964131782 --> -58, -39, 71, -20, 
[423]	22618305 --> -63, 32, 89, 1, 
[424]	3700300851 --> 51, 28, -114, -36, 
[425]	332715646 --> 126, -42, -44, 19, 
[426]	766837688 --> -72, 3, -75, 45, 
[427]	2572471867 --> 59, -50, 84, -103, 
[428]	2744306085 --> -91, -55, -110, -93, 
[429]	1021159908 --> -28, -87, -35, 60, 
[430]	93768323 --> -125, -54, -106, 5, 
[431]	2130193092 --> -60, 42, -8, 126, 
[432]	3431055956 --> 84, -62, -127, -52, 
[433]	4107450643 --> 19, -71, -46, -12, 
[434]	842019884 --> 44, 52, 48, 50, 
[435]	3470866958 --> 14, 58, -31, -50, 
[436]	164747777 --> 1, -38, -47, 9, 
[437]	3477064694 --> -10, -53, 63, -49, 
[438]	3377941675 --> -85, 76, 87, -55, 
[439]	2977647545 --> -71, 75, 123, -79, 
[440]	3089248514 --> 2, 49, 34, -72, 
[441]	1451056153 --> 25, 92, 125, 86, 
[442]	1488269890 --> 66, 50, -75, 88, 
[443]	1203125843 --> 83, 62, -74, 71, 
[444]	830399190 --> -42, -30, 126, 49, 
[445]	374882897 --> 81, 66, 88, 22, 
[446]	359984116 --> -12, -21, 116, 21, 
[447]	943792747 --> 107, 34, 65, 56, 
[448]	4207688657 --> -47, 59, -52, -6, 
[449]	1107296005 --> 5, -1, -1, 65, 
[450]	978475397 --> -123, 89, 82, 58, 
[451]	3374108703 --> 31, -48, 28, -55, 
[452]	403286787 --> 3, -85, 9, 24, 
[453]	1042402296 --> -8, -53, 33, 62, 
[454]	4164667586 --> -62, -56, 59, -8, 
[455]	873132332 --> 44, -15, 10, 52, 
[456]	4160554108 --> 124, 4, -3, -9, 
[457]	1614202525 --> -99, -58, 54, 96, 
[458]	750631967 --> 31, -68, -67, 44, 
[459]	3676174791 --> -57, -7, 29, -37, 
[460]	3672585935 --> -49, 54, -25, -38, 
[461]	338834440 --> 8, 52, 50, 20, 
[462]	2449975127 --> 87, -89, 7, -110, 
[463]	388168407 --> -41, -6, 34, 23, 
[464]	1338439066 --> -102, -11, -58, 79, 
[465]	4173491074 --> -126, 107, -62, -8, 
[466]	177860523 --> -85, -17, -103, 10, 
[467]	2842665798 --> 70, -93, 111, -87, 
[468]	3073182011 --> 59, 9, 45, -73, 
[469]	1184253907 --> -45, 71, -106, 70, 
[470]	1017266461 --> 29, 65, -94, 60, 
[471]	331050524 --> 28, 110, -69, 19, 
[472]	804063004 --> 28, 7, -19, 47, 
[473]	3311507595 --> -117, -104, 97, -59, 
[474]	3923478046 --> 30, -122, -37, -23, 
[475]	3264585096 --> -120, -99, -107, -62, 
[476]	3682785538 --> 2, -39, -126, -37, 
[477]	1916196024 --> -72, -44, 54, 114, 
[478]	1078457534 --> -66, -12, 71, 64, 
[479]	3309422750 --> -98, -56, 65, -59, 
[480]	1036836564 --> -44, -34, -52, 61, 
[481]	3678209819 --> 27, 7, 61, -37, 
[482]	398638362 --> 26, -67, -62, 23, 
[483]	1538151413 --> -11, 83, -82, 91, 
[484]	1376452137 --> 41, -2, 10, 82, 
[485]	3875788290 --> 2, -42, 3, -25, 
[486]	4254262670 --> -114, -27, -110, -3, 
[487]	2179241539 --> 67, -106, -28, -127, 
[488]	3940597394 --> -110, -66, -32, -22, 
[489]	127284523 --> 43, 53, -106, 7, 
[490]	526057519 --> 47, 0, 91, 31, 
[491]	4268034998 --> -74, 11, 101, -2, 
[492]	2590190665 --> 73, 44, 99, -102, 
[493]	2021857936 --> -112, 26, -125, 120, 
[494]	2844146747 --> 59, 60, -122, -87, 
[495]	2047416676 --> 100, 25, 9, 122, 
[496]	782977068 --> 44, 72, -85, 46, 
[497]	4100668915 --> -13, 61, 107, -12, 
[498]	3370248163 --> -29, -25, -31, -56, 
[499]	3858304720 --> -48, 14, -7, -27, 
[500]	3743738096 --> -16, -24, 36, -33, 
[501]	84465879 --> -41, -40, 8, 5, 
[502]	4147710815 --> 95, 11, 57, -9, 
[503]	4089325730 --> -94, 40, -66, -13, 
[504]	243126383 --> 111, -48, 125, 14, 
[505]	3769879735 --> -73, -52, -77, -32, 
[506]	654371393 --> 65, -22, 0, 39, 
[507]	2498115377 --> 49, 55, -26, -108, 
[508]	1866076559 --> -113, 17, 58, 111, 
[509]	1647220452 --> -28, -106, 46, 98, 
[510]	3696697993 --> -119, 34, 87, -36, 
[511]	724431426 --> 66, -14, 45, 43, 

exiting with last active thread context (0) @ 76963794750
make[1]: Leaving directory '/home/albini/Documents/ESL/TiC-SAT-fork/custom_build'
    